-1.903218750000000057e+02 4.218750000000000000e+00 -2.656250000000000000e+00 1.156250000000000000e+00 2.812500000000000000e+00
-6.659374999999982947e+00 4.218750000000000000e+00 -2.656250000000000000e+00 1.156250000000000000e+00 2.812500000000000000e+00
-1.903218750000000057e+02 4.781250000000000000e+00 -2.656250000000000000e+00 1.156250000000000000e+00 2.812500000000000000e+00
-1.903218750000000057e+02 4.218750000000000000e+00 -7.812500000000000000e-01 1.156250000000000000e+00 2.812500000000000000e+00
-1.903218750000000057e+02 4.218750000000000000e+00 -2.656250000000000000e+00 9.687500000000000000e-01 2.812500000000000000e+00
-1.903218750000000057e+02 4.218750000000000000e+00 -2.656250000000000000e+00 1.156250000000000000e+00 1.562500000000000000e+00
-1.903218750000000057e+02 4.781250000000000000e+00 -7.812500000000000000e-01 9.687500000000000000e-01 1.562500000000000000e+00
-6.659374999999982947e+00 4.218750000000000000e+00 -7.812500000000000000e-01 9.687500000000000000e-01 1.562500000000000000e+00
-6.659374999999982947e+00 4.781250000000000000e+00 -2.656250000000000000e+00 9.687500000000000000e-01 1.562500000000000000e+00
-6.659374999999982947e+00 4.781250000000000000e+00 -7.812500000000000000e-01 1.156250000000000000e+00 1.562500000000000000e+00
-6.659374999999982947e+00 4.781250000000000000e+00 -7.812500000000000000e-01 9.687500000000000000e-01 2.812500000000000000e+00
-6.659374999999982947e+00 4.781250000000000000e+00 -7.812500000000000000e-01 9.687500000000000000e-01 1.562500000000000000e+00
-8.537187500000000284e+01 8.718750000000000000e+00 -1.562500000000000000e-01 6.562500000000000000e-01 7.812500000000000000e+00
-1.116093750000000000e+02 8.718750000000000000e+00 -1.562500000000000000e-01 6.562500000000000000e-01 7.812500000000000000e+00
-8.537187500000000284e+01 2.812500000000000000e-01 -1.562500000000000000e-01 6.562500000000000000e-01 7.812500000000000000e+00
-8.537187500000000284e+01 8.718750000000000000e+00 -3.281250000000000000e+00 6.562500000000000000e-01 7.812500000000000000e+00
-8.537187500000000284e+01 8.718750000000000000e+00 -1.562500000000000000e-01 1.468750000000000000e+00 7.812500000000000000e+00
-8.537187500000000284e+01 8.718750000000000000e+00 -1.562500000000000000e-01 6.562500000000000000e-01 6.562500000000000000e+00
-8.537187500000000284e+01 2.812500000000000000e-01 -3.281250000000000000e+00 1.468750000000000000e+00 6.562500000000000000e+00
-1.116093750000000000e+02 8.718750000000000000e+00 -3.281250000000000000e+00 1.468750000000000000e+00 6.562500000000000000e+00
-1.116093750000000000e+02 2.812500000000000000e-01 -1.562500000000000000e-01 1.468750000000000000e+00 6.562500000000000000e+00
-1.116093750000000000e+02 2.812500000000000000e-01 -3.281250000000000000e+00 6.562500000000000000e-01 6.562500000000000000e+00
-1.116093750000000000e+02 2.812500000000000000e-01 -3.281250000000000000e+00 1.468750000000000000e+00 7.812500000000000000e+00
-1.116093750000000000e+02 2.812500000000000000e-01 -3.281250000000000000e+00 1.468750000000000000e+00 6.562500000000000000e+00
